{
 "cells": [
  {
   "cell_type": "code",
   "execution_count": 309,
   "metadata": {},
   "outputs": [],
   "source": [
    "import numpy as np \n",
    "from importlib import reload \n",
    "\n",
    "import regain.hmm.hmm_graphical_lasso; reload(regain.hmm.hmm_graphical_lasso)\n",
    "from regain.hmm.hmm_graphical_lasso import HMM_GraphicalLasso"
   ]
  },
  {
   "cell_type": "code",
   "execution_count": 310,
   "metadata": {},
   "outputs": [],
   "source": [
    "X = np.random.randn(1000, 10)"
   ]
  },
  {
   "cell_type": "code",
   "execution_count": 311,
   "metadata": {},
   "outputs": [],
   "source": [
    "mdl = HMM_GraphicalLasso(verbose=True, mode='scaled')"
   ]
  },
  {
   "cell_type": "code",
   "execution_count": 312,
   "metadata": {},
   "outputs": [
    {
     "name": "stdout",
     "output_type": "stream",
     "text": [
      "Iter: 0, likelihood: -1.06124, difference: inf\n",
      "Iter: 1, likelihood: -1.00255, difference: 0.05869\n",
      "Iter: 2, likelihood: -0.94970, difference: 0.05286\n",
      "Iter: 3, likelihood: -0.90940, difference: 0.04029\n",
      "Iter: 4, likelihood: -0.87382, difference: 0.03558\n",
      "Iter: 5, likelihood: -0.82848, difference: 0.04534\n",
      "Iter: 6, likelihood: -0.75928, difference: 0.06921\n",
      "Iter: 7, likelihood: -0.65902, difference: 0.10026\n",
      "Iter: 8, likelihood: -0.53355, difference: 0.12547\n",
      "Iter: 9, likelihood: -0.40088, difference: 0.13267\n",
      "Iter: 10, likelihood: -0.28073, difference: 0.12015\n",
      "Iter: 11, likelihood: -0.18433, difference: 0.09640\n",
      "Iter: 12, likelihood: -0.11365, difference: 0.07068\n",
      "Iter: 13, likelihood: -0.06563, difference: 0.04802\n",
      "Iter: 14, likelihood: -0.03521, difference: 0.03042\n",
      "Iter: 15, likelihood: -0.01702, difference: 0.01819\n",
      "Iter: 16, likelihood: -0.00661, difference: 0.01042\n",
      "Iter: 17, likelihood: -0.00082, difference: 0.00579\n",
      "Iter: 18, likelihood: 0.00234, difference: 0.00315\n",
      "Iter: 19, likelihood: 0.00403, difference: 0.00170\n",
      "Iter: 20, likelihood: 0.00494, difference: 0.00091\n",
      "Iter: 21, likelihood: 0.00543, difference: 0.00049\n",
      "Iter: 22, likelihood: 0.00569, difference: 0.00026\n",
      "Iter: 23, likelihood: 0.00584, difference: 0.00014\n",
      "Iter: 24, likelihood: 0.00592, difference: 0.00008\n"
     ]
    },
    {
     "data": {
      "text/plain": [
       "HMM_GraphicalLasso(alpha=0.01, init='k-means++', max_iter=300, mode='scaled',\n",
       "          n_clusters=3, tol=0.0001, verbose=0)"
      ]
     },
     "execution_count": 312,
     "metadata": {},
     "output_type": "execute_result"
    }
   ],
   "source": [
    "mdl.fit(X)"
   ]
  },
  {
   "cell_type": "code",
   "execution_count": 290,
   "metadata": {},
   "outputs": [
    {
     "data": {
      "text/plain": [
       "array([2, 0, 1, 2, 2, 0, 0, 0, 1, 0, 0, 0, 1, 1, 0, 2, 2, 1, 2, 2, 2, 0,\n",
       "       0, 0, 2, 1, 0, 0, 1, 1])"
      ]
     },
     "execution_count": 290,
     "metadata": {},
     "output_type": "execute_result"
    }
   ],
   "source": [
    "mdl.labels_"
   ]
  },
  {
   "cell_type": "code",
   "execution_count": 291,
   "metadata": {},
   "outputs": [
    {
     "data": {
      "text/plain": [
       "array([2, 0, 1, 2, 2, 0, 0, 0, 1, 0, 0, 0, 1, 1, 0, 2, 2, 1, 2, 2, 2, 0,\n",
       "       0, 0, 2, 1, 0, 0, 1, 1])"
      ]
     },
     "execution_count": 291,
     "metadata": {},
     "output_type": "execute_result"
    }
   ],
   "source": [
    "mdl.labels_"
   ]
  },
  {
   "cell_type": "code",
   "execution_count": 293,
   "metadata": {},
   "outputs": [
    {
     "data": {
      "text/plain": [
       "[array([[ 2.91766384, -2.78988752, -0.16137571,  0.26372016,  0.48640457,\n",
       "         -0.59539882,  0.12232205, -0.74661445,  3.47453038,  1.59525841],\n",
       "        [-2.78988752,  9.99928449,  2.76917739, -1.40378487, -0.        ,\n",
       "          4.88192823, -1.21540442,  2.67362437, -2.75089101, -2.26622614],\n",
       "        [-0.16137571,  2.76917739,  5.75471516,  1.88492241, -0.0705654 ,\n",
       "         -2.2599438 ,  3.02735128,  1.39674909,  0.41690179, -1.88949324],\n",
       "        [ 0.26372016, -1.40378487,  1.88492241,  3.99011929,  0.54259952,\n",
       "         -5.3319333 ,  4.12859794,  1.44387693,  1.80729885, -2.4247494 ],\n",
       "        [ 0.48640457, -0.        , -0.0705654 ,  0.54259952,  5.88975772,\n",
       "         -2.60257167,  1.77060295,  4.0999439 ,  8.58199689,  0.78024753],\n",
       "        [-0.59539882,  4.88192823, -2.2599438 , -5.3319333 , -2.60257167,\n",
       "         12.82574894, -8.68572894, -3.53528557, -5.53354681,  1.94369248],\n",
       "        [ 0.12232205, -1.21540442,  3.02735128,  4.12859794,  1.77060295,\n",
       "         -8.68572894,  9.95518624,  4.9915219 ,  5.00932252, -3.19961942],\n",
       "        [-0.74661445,  2.67362437,  1.39674909,  1.44387693,  4.0999439 ,\n",
       "         -3.53528557,  4.9915219 ,  7.00244116,  7.76432325, -1.20717291],\n",
       "        [ 3.47453038, -2.75089101,  0.41690179,  1.80729885,  8.58199689,\n",
       "         -5.53354681,  5.00932252,  7.76432325, 21.57057572,  2.94185186],\n",
       "        [ 1.59525841, -2.26622614, -1.88949324, -2.4247494 ,  0.78024753,\n",
       "          1.94369248, -3.19961942, -1.20717291,  2.94185186,  5.53188518]]),\n",
       " array([[ 8.41256545e+01, -2.68399736e+01, -7.80537386e+00,\n",
       "          0.00000000e+00, -1.12088252e+01, -4.40318543e+01,\n",
       "         -1.46334873e+01,  1.80998317e+01,  2.27155485e+01,\n",
       "         -1.18767054e+01],\n",
       "        [-2.68399736e+01,  6.78613919e+01,  1.22634244e+01,\n",
       "         -1.57198242e+01, -3.34155901e+01,  1.32769210e+00,\n",
       "         -9.61037747e+00, -2.52714894e+01, -1.89410928e+00,\n",
       "         -3.48605134e+01],\n",
       "        [-7.80537386e+00,  1.22634244e+01,  1.04680525e+01,\n",
       "          1.92591610e+01, -9.60678212e+00,  7.60701075e+00,\n",
       "          4.60482373e+00, -2.44205921e+00,  3.35890634e+00,\n",
       "         -8.58613457e+00],\n",
       "        [ 0.00000000e+00, -1.57198242e+01,  1.92591610e+01,\n",
       "          1.05956534e+02, -1.59214685e+01,  3.93798830e+01,\n",
       "          2.21931130e+01,  1.51235536e+01,  2.42404846e+01,\n",
       "         -1.10944542e+01],\n",
       "        [-1.12088252e+01, -3.34155901e+01, -9.60678212e+00,\n",
       "         -1.59214685e+01,  3.36075445e+01,  4.66593025e+00,\n",
       "          8.15236547e+00,  6.98470966e+00, -1.31203710e+01,\n",
       "          3.35033598e+01],\n",
       "        [-4.40318543e+01,  1.32769210e+00,  7.60701075e+00,\n",
       "          3.93798830e+01,  4.66593025e+00,  4.36021132e+01,\n",
       "          1.47620022e+01, -1.85651887e+00, -4.35664458e+00,\n",
       "          7.18220391e+00],\n",
       "        [-1.46334873e+01, -9.61037747e+00,  4.60482373e+00,\n",
       "          2.21931130e+01,  8.15236547e+00,  1.47620022e+01,\n",
       "          1.49595730e+01,  2.48897528e+00,  8.24855497e-02,\n",
       "          8.73582220e+00],\n",
       "        [ 1.80998317e+01, -2.52714894e+01, -2.44205921e+00,\n",
       "          1.51235536e+01,  6.98470966e+00, -1.85651887e+00,\n",
       "          2.48897528e+00,  1.20590370e+01,  5.48568391e+00,\n",
       "          8.15264302e+00],\n",
       "        [ 2.27155485e+01, -1.89410928e+00,  3.35890634e+00,\n",
       "          2.42404846e+01, -1.31203710e+01, -4.35664458e+00,\n",
       "          8.24855497e-02,  5.48568391e+00,  1.54510769e+01,\n",
       "         -1.23269748e+01],\n",
       "        [-1.18767054e+01, -3.48605134e+01, -8.58613457e+00,\n",
       "         -1.10944542e+01,  3.35033598e+01,  7.18220391e+00,\n",
       "          8.73582220e+00,  8.15264302e+00, -1.23269748e+01,\n",
       "          3.45809913e+01]]),\n",
       " array([[ 6.35404159e+01,  1.97996425e+01, -1.85664117e+01,\n",
       "         -1.24639536e+01,  4.23783726e+01, -3.92047099e+01,\n",
       "          2.71896116e+01,  3.41309328e+01,  2.08244921e+01,\n",
       "         -6.35900292e-02],\n",
       "        [ 1.97996425e+01,  1.68304040e+01,  6.34070507e+00,\n",
       "         -7.21486430e-01,  9.06618371e+00, -2.56045139e+01,\n",
       "         -5.99182684e+00,  2.18001014e+01, -8.58690056e+00,\n",
       "          9.08939035e+00],\n",
       "        [-1.85664117e+01,  6.34070507e+00,  2.87023666e+01,\n",
       "          0.00000000e+00, -3.59347741e+01, -9.44623284e+00,\n",
       "         -2.55642817e+01,  1.01703475e+01, -1.73842768e+01,\n",
       "          1.81625850e+01],\n",
       "        [-1.24639536e+01, -7.21486430e-01,  0.00000000e+00,\n",
       "          2.03033530e+01,  1.99723984e+01,  9.58942683e+00,\n",
       "         -1.59468566e+01, -1.48117449e+01, -2.96160841e+01,\n",
       "         -5.93461432e+00],\n",
       "        [ 4.23783726e+01,  9.06618371e+00, -3.59347741e+01,\n",
       "          1.99723984e+01,  1.17710067e+02,  5.61320684e-02,\n",
       "          1.33145726e+01, -0.00000000e+00, -2.37013019e+01,\n",
       "         -2.63498181e+01],\n",
       "        [-3.92047099e+01, -2.56045139e+01, -9.44623284e+00,\n",
       "          9.58942683e+00,  5.61320684e-02,  4.80915672e+01,\n",
       "          8.78666101e-01, -3.92583186e+01, -1.37778703e+00,\n",
       "         -1.77585271e+01],\n",
       "        [ 2.71896116e+01, -5.99182684e+00, -2.55642817e+01,\n",
       "         -1.59468566e+01,  1.33145726e+01,  8.78666101e-01,\n",
       "          3.83920825e+01, -0.00000000e+00,  4.17735828e+01,\n",
       "         -1.22409458e+01],\n",
       "        [ 3.41309328e+01,  2.18001014e+01,  1.01703475e+01,\n",
       "         -1.48117449e+01, -0.00000000e+00, -3.92583186e+01,\n",
       "         -0.00000000e+00,  4.47833843e+01,  5.73713674e+00,\n",
       "          1.83680326e+01],\n",
       "        [ 2.08244921e+01, -8.58690056e+00, -1.73842768e+01,\n",
       "         -2.96160841e+01, -2.37013019e+01, -1.37778703e+00,\n",
       "          4.17735828e+01,  5.73713674e+00,  6.15533958e+01,\n",
       "         -3.92142395e+00],\n",
       "        [-6.35900292e-02,  9.08939035e+00,  1.81625850e+01,\n",
       "         -5.93461432e+00, -2.63498181e+01, -1.77585271e+01,\n",
       "         -1.22409458e+01,  1.83680326e+01, -3.92142395e+00,\n",
       "          1.70557946e+01]])]"
      ]
     },
     "execution_count": 293,
     "metadata": {},
     "output_type": "execute_result"
    }
   ],
   "source": [
    "mdl.precisions_"
   ]
  },
  {
   "cell_type": "code",
   "execution_count": null,
   "metadata": {},
   "outputs": [],
   "source": []
  }
 ],
 "metadata": {
  "kernelspec": {
   "display_name": "Python 3",
   "language": "python",
   "name": "python3"
  },
  "language_info": {
   "codemirror_mode": {
    "name": "ipython",
    "version": 3
   },
   "file_extension": ".py",
   "mimetype": "text/x-python",
   "name": "python",
   "nbconvert_exporter": "python",
   "pygments_lexer": "ipython3",
   "version": "3.6.5"
  }
 },
 "nbformat": 4,
 "nbformat_minor": 2
}
