{
 "cells": [
  {
   "cell_type": "code",
   "execution_count": 1,
   "metadata": {},
   "outputs": [],
   "source": [
    "from regain.datasets.hmm import generate_hmm\n",
    "from regain.hmm.hmm_graphical_lasso import HMM_GraphicalLasso"
   ]
  },
  {
   "cell_type": "code",
   "execution_count": 24,
   "metadata": {},
   "outputs": [],
   "source": [
    "dataset = generate_hmm(n_samples=100, n_states=2, n_dim_obs=2, transition_type='fixed')"
   ]
  },
  {
   "cell_type": "code",
   "execution_count": 25,
   "metadata": {},
   "outputs": [
    {
     "name": "stdout",
     "output_type": "stream",
     "text": [
      "Iter: 0, likelihood: 8.69707, difference: inf\n",
      "Iter: 1, likelihood: 8.46599, difference: 0.23108\n",
      "Iter: 2, likelihood: 8.66543, difference: 0.19944\n",
      "Iter: 3, likelihood: 8.87112, difference: 0.20568\n",
      "Iter: 4, likelihood: 9.03475, difference: 0.16363\n",
      "Iter: 5, likelihood: 9.17458, difference: 0.13983\n",
      "Iter: 6, likelihood: 9.28970, difference: 0.11512\n",
      "Iter: 7, likelihood: 9.38240, difference: 0.09270\n",
      "Iter: 8, likelihood: 9.45469, difference: 0.07230\n",
      "Iter: 9, likelihood: 9.50912, difference: 0.05443\n",
      "Iter: 10, likelihood: 9.55012, difference: 0.04100\n",
      "Iter: 11, likelihood: 9.57981, difference: 0.02969\n",
      "Iter: 12, likelihood: 9.60148, difference: 0.02167\n",
      "Iter: 13, likelihood: 9.61750, difference: 0.01602\n",
      "Iter: 14, likelihood: 9.62960, difference: 0.01211\n",
      "Iter: 15, likelihood: 9.63900, difference: 0.00940\n",
      "Iter: 16, likelihood: 9.64651, difference: 0.00751\n",
      "Iter: 17, likelihood: 9.65270, difference: 0.00619\n",
      "Iter: 18, likelihood: 9.65793, difference: 0.00523\n",
      "Iter: 19, likelihood: 9.66247, difference: 0.00454\n",
      "Iter: 20, likelihood: 9.66649, difference: 0.00402\n",
      "Iter: 21, likelihood: 9.67012, difference: 0.00363\n",
      "Iter: 22, likelihood: 9.67344, difference: 0.00332\n",
      "Iter: 23, likelihood: 9.67651, difference: 0.00307\n",
      "Iter: 24, likelihood: 9.67938, difference: 0.00287\n",
      "Iter: 25, likelihood: 9.68208, difference: 0.00270\n",
      "Iter: 26, likelihood: 9.68464, difference: 0.00256\n",
      "Iter: 27, likelihood: 9.68707, difference: 0.00243\n",
      "Iter: 28, likelihood: 9.68939, difference: 0.00232\n",
      "Iter: 29, likelihood: 9.69160, difference: 0.00222\n",
      "Iter: 30, likelihood: 9.69373, difference: 0.00213\n",
      "Iter: 31, likelihood: 9.69577, difference: 0.00204\n",
      "Iter: 32, likelihood: 9.69774, difference: 0.00196\n",
      "Iter: 33, likelihood: 9.69963, difference: 0.00189\n",
      "Iter: 34, likelihood: 9.70145, difference: 0.00182\n",
      "Iter: 35, likelihood: 9.70320, difference: 0.00175\n",
      "Iter: 36, likelihood: 9.70489, difference: 0.00169\n",
      "Iter: 37, likelihood: 9.70653, difference: 0.00163\n",
      "Iter: 38, likelihood: 9.70810, difference: 0.00157\n",
      "Iter: 39, likelihood: 9.70962, difference: 0.00152\n",
      "Iter: 40, likelihood: 9.71108, difference: 0.00147\n",
      "Iter: 41, likelihood: 9.71250, difference: 0.00141\n",
      "Iter: 42, likelihood: 9.71386, difference: 0.00136\n",
      "Iter: 43, likelihood: 9.71518, difference: 0.00132\n",
      "Iter: 44, likelihood: 9.71645, difference: 0.00127\n",
      "Iter: 45, likelihood: 9.71767, difference: 0.00123\n",
      "Iter: 46, likelihood: 9.71886, difference: 0.00118\n",
      "Iter: 47, likelihood: 9.72000, difference: 0.00114\n",
      "Iter: 48, likelihood: 9.72110, difference: 0.00110\n",
      "Iter: 49, likelihood: 9.72216, difference: 0.00106\n",
      "Iter: 50, likelihood: 9.72318, difference: 0.00102\n",
      "Iter: 51, likelihood: 9.72417, difference: 0.00099\n",
      "Iter: 52, likelihood: 9.72512, difference: 0.00095\n",
      "Iter: 53, likelihood: 9.72603, difference: 0.00092\n",
      "Iter: 54, likelihood: 9.72691, difference: 0.00088\n",
      "Iter: 55, likelihood: 9.72777, difference: 0.00085\n",
      "Iter: 56, likelihood: 9.72859, difference: 0.00082\n",
      "Iter: 57, likelihood: 9.72937, difference: 0.00079\n",
      "Iter: 58, likelihood: 9.73014, difference: 0.00076\n",
      "Iter: 59, likelihood: 9.73087, difference: 0.00073\n",
      "Iter: 60, likelihood: 9.73158, difference: 0.00071\n",
      "Iter: 61, likelihood: 9.73226, difference: 0.00068\n",
      "Iter: 62, likelihood: 9.73291, difference: 0.00065\n",
      "Iter: 63, likelihood: 9.73354, difference: 0.00063\n",
      "Iter: 64, likelihood: 9.73415, difference: 0.00061\n",
      "Iter: 65, likelihood: 9.73473, difference: 0.00058\n",
      "Iter: 66, likelihood: 9.73530, difference: 0.00056\n",
      "Iter: 67, likelihood: 9.73584, difference: 0.00054\n",
      "Iter: 68, likelihood: 9.73636, difference: 0.00052\n",
      "Iter: 69, likelihood: 9.73686, difference: 0.00050\n",
      "Iter: 70, likelihood: 9.73734, difference: 0.00048\n",
      "Iter: 71, likelihood: 9.73781, difference: 0.00046\n",
      "Iter: 72, likelihood: 9.73825, difference: 0.00045\n",
      "Iter: 73, likelihood: 9.73869, difference: 0.00043\n",
      "Iter: 74, likelihood: 9.73910, difference: 0.00041\n",
      "Iter: 75, likelihood: 9.73950, difference: 0.00040\n",
      "Iter: 76, likelihood: 9.73988, difference: 0.00038\n",
      "Iter: 77, likelihood: 9.74025, difference: 0.00037\n",
      "Iter: 78, likelihood: 9.74060, difference: 0.00035\n",
      "Iter: 79, likelihood: 9.74095, difference: 0.00034\n",
      "Iter: 80, likelihood: 9.74127, difference: 0.00033\n",
      "Iter: 81, likelihood: 9.74159, difference: 0.00032\n",
      "Iter: 82, likelihood: 9.74189, difference: 0.00030\n",
      "Iter: 83, likelihood: 9.74218, difference: 0.00029\n",
      "Iter: 84, likelihood: 9.74246, difference: 0.00028\n",
      "Iter: 85, likelihood: 9.74273, difference: 0.00027\n",
      "Iter: 86, likelihood: 9.74299, difference: 0.00026\n",
      "Iter: 87, likelihood: 9.74324, difference: 0.00025\n",
      "Iter: 88, likelihood: 9.74348, difference: 0.00024\n",
      "Iter: 89, likelihood: 9.74371, difference: 0.00023\n",
      "Iter: 90, likelihood: 9.74394, difference: 0.00022\n",
      "Iter: 91, likelihood: 9.74415, difference: 0.00021\n",
      "Iter: 92, likelihood: 9.74435, difference: 0.00021\n",
      "Iter: 93, likelihood: 9.74455, difference: 0.00020\n",
      "Iter: 94, likelihood: 9.74474, difference: 0.00019\n",
      "Iter: 95, likelihood: 9.74492, difference: 0.00018\n",
      "Iter: 96, likelihood: 9.74510, difference: 0.00018\n",
      "Iter: 97, likelihood: 9.74527, difference: 0.00017\n",
      "Iter: 98, likelihood: 9.74543, difference: 0.00016\n",
      "Iter: 99, likelihood: 9.74558, difference: 0.00016\n",
      "Iter: 100, likelihood: 9.74573, difference: 0.00015\n",
      "Iter: 101, likelihood: 9.74588, difference: 0.00014\n",
      "Iter: 102, likelihood: 9.74601, difference: 0.00014\n",
      "Iter: 103, likelihood: 9.74615, difference: 0.00013\n",
      "Iter: 104, likelihood: 9.74628, difference: 0.00013\n",
      "Iter: 105, likelihood: 9.74640, difference: 0.00012\n",
      "Iter: 106, likelihood: 9.74652, difference: 0.00012\n",
      "Iter: 107, likelihood: 9.74663, difference: 0.00011\n",
      "Iter: 108, likelihood: 9.74674, difference: 0.00011\n",
      "Iter: 109, likelihood: 9.74684, difference: 0.00010\n",
      "Iter: 110, likelihood: 9.74694, difference: 0.00010\n",
      "Iter: 111, likelihood: 9.74704, difference: 0.00010\n"
     ]
    },
    {
     "data": {
      "text/plain": [
       "HMM_GraphicalLasso(alpha=0.5, init='k-means++', max_iter=300, mode='scaled',\n",
       "          n_clusters=2, tol=0.0001, verbose=0)"
      ]
     },
     "execution_count": 25,
     "metadata": {},
     "output_type": "execute_result"
    }
   ],
   "source": [
    "mdl = HMM_GraphicalLasso(alpha=0.5, n_clusters=2, verbose=True, mode='scaled')\n",
    "mdl.fit(dataset['data'])"
   ]
  },
  {
   "cell_type": "code",
   "execution_count": 27,
   "metadata": {},
   "outputs": [
    {
     "name": "stderr",
     "output_type": "stream",
     "text": [
      "/home/vero/miniconda2/envs/py36/lib/python3.6/site-packages/sklearn/metrics/cluster/supervised.py:732: FutureWarning: The behavior of AMI will change in version 0.22. To match the behavior of 'v_measure_score', AMI will use average_method='arithmetic' by default.\n",
      "  FutureWarning)\n"
     ]
    },
    {
     "data": {
      "text/plain": [
       "-0.0020474730410506466"
      ]
     },
     "execution_count": 27,
     "metadata": {},
     "output_type": "execute_result"
    }
   ],
   "source": [
    "from sklearn.metrics import adjusted_mutual_info_score\n",
    "adjusted_mutual_info_score(dataset['states'], mdl.labels_)"
   ]
  },
  {
   "cell_type": "code",
   "execution_count": 23,
   "metadata": {},
   "outputs": [
    {
     "data": {
      "text/plain": [
       "array([[1., 0.],\n",
       "       [1., 0.],\n",
       "       [1., 0.],\n",
       "       [1., 0.],\n",
       "       [1., 0.],\n",
       "       [1., 0.],\n",
       "       [1., 0.],\n",
       "       [1., 0.],\n",
       "       [1., 0.],\n",
       "       [1., 0.],\n",
       "       [1., 0.],\n",
       "       [1., 0.],\n",
       "       [1., 0.],\n",
       "       [1., 0.],\n",
       "       [1., 0.],\n",
       "       [1., 0.],\n",
       "       [1., 0.],\n",
       "       [1., 0.],\n",
       "       [1., 0.],\n",
       "       [1., 0.],\n",
       "       [1., 0.],\n",
       "       [1., 0.],\n",
       "       [1., 0.],\n",
       "       [1., 0.],\n",
       "       [1., 0.],\n",
       "       [1., 0.],\n",
       "       [1., 0.],\n",
       "       [1., 0.],\n",
       "       [1., 0.],\n",
       "       [1., 0.],\n",
       "       [1., 0.],\n",
       "       [1., 0.],\n",
       "       [1., 0.],\n",
       "       [1., 0.],\n",
       "       [1., 0.],\n",
       "       [1., 0.],\n",
       "       [1., 0.],\n",
       "       [1., 0.],\n",
       "       [1., 0.],\n",
       "       [1., 0.],\n",
       "       [1., 0.],\n",
       "       [1., 0.],\n",
       "       [1., 0.],\n",
       "       [1., 0.],\n",
       "       [1., 0.],\n",
       "       [1., 0.],\n",
       "       [1., 0.],\n",
       "       [1., 0.],\n",
       "       [1., 0.],\n",
       "       [1., 0.],\n",
       "       [1., 0.],\n",
       "       [1., 0.],\n",
       "       [1., 0.],\n",
       "       [1., 0.],\n",
       "       [1., 0.],\n",
       "       [1., 0.],\n",
       "       [1., 0.],\n",
       "       [1., 0.],\n",
       "       [1., 0.],\n",
       "       [1., 0.],\n",
       "       [1., 0.],\n",
       "       [1., 0.],\n",
       "       [1., 0.],\n",
       "       [1., 0.],\n",
       "       [1., 0.],\n",
       "       [1., 0.],\n",
       "       [1., 0.],\n",
       "       [1., 0.],\n",
       "       [1., 0.],\n",
       "       [1., 0.],\n",
       "       [1., 0.],\n",
       "       [1., 0.],\n",
       "       [1., 0.],\n",
       "       [1., 0.],\n",
       "       [1., 0.],\n",
       "       [1., 0.],\n",
       "       [1., 0.],\n",
       "       [1., 0.],\n",
       "       [1., 0.],\n",
       "       [1., 0.],\n",
       "       [1., 0.],\n",
       "       [1., 0.],\n",
       "       [1., 0.],\n",
       "       [1., 0.],\n",
       "       [1., 0.],\n",
       "       [1., 0.],\n",
       "       [1., 0.],\n",
       "       [1., 0.],\n",
       "       [1., 0.],\n",
       "       [1., 0.],\n",
       "       [1., 0.],\n",
       "       [1., 0.],\n",
       "       [1., 0.],\n",
       "       [1., 0.],\n",
       "       [1., 0.],\n",
       "       [1., 0.],\n",
       "       [1., 0.],\n",
       "       [1., 0.],\n",
       "       [1., 0.],\n",
       "       [1., 0.]])"
      ]
     },
     "execution_count": 23,
     "metadata": {},
     "output_type": "execute_result"
    }
   ],
   "source": [
    "dataset['gammas']"
   ]
  },
  {
   "cell_type": "code",
   "execution_count": 19,
   "metadata": {},
   "outputs": [
    {
     "data": {
      "text/plain": [
       "array([[1.00000000e+00, 5.35922742e-37],\n",
       "       [2.47982794e-01, 7.52017206e-01],\n",
       "       [8.62135458e-01, 1.37864542e-01],\n",
       "       ...,\n",
       "       [6.28978747e-01, 3.71021253e-01],\n",
       "       [3.55301643e-01, 6.44698357e-01],\n",
       "       [3.53436299e-01, 6.46563701e-01]])"
      ]
     },
     "execution_count": 19,
     "metadata": {},
     "output_type": "execute_result"
    }
   ],
   "source": [
    "mdl.gammas_"
   ]
  },
  {
   "cell_type": "markdown",
   "metadata": {},
   "source": [
    "mld.thetas_"
   ]
  },
  {
   "cell_type": "code",
   "execution_count": 7,
   "metadata": {},
   "outputs": [
    {
     "data": {
      "text/plain": [
       "[array([[ 1.82097264,  0.        ,  0.17971946,  0.        , -0.        ,\n",
       "          0.74618022,  0.        , -0.        ,  0.19431538,  0.06704966],\n",
       "        [ 0.        ,  1.69966862, -0.        ,  0.06833319,  0.04532773,\n",
       "         -0.18108412, -0.        ,  0.33163642, -0.        ,  0.26774256],\n",
       "        [ 0.17971946, -0.        ,  1.5332345 ,  0.04697976,  0.        ,\n",
       "         -0.        , -0.        ,  0.26016417,  0.280573  , -0.        ],\n",
       "        [ 0.        ,  0.06833319,  0.04697976,  1.66074775, -0.16986436,\n",
       "          0.30164944,  0.        , -0.        , -0.00227928, -0.16090701],\n",
       "        [-0.        ,  0.04532773,  0.        , -0.16986436,  1.96809821,\n",
       "         -0.        ,  0.0802952 , -0.        , -0.        ,  0.        ],\n",
       "        [ 0.74618022, -0.18108412, -0.        ,  0.30164944, -0.        ,\n",
       "          1.87152595, -0.00268017, -0.        ,  0.        ,  0.        ],\n",
       "        [ 0.        , -0.        , -0.        ,  0.        ,  0.0802952 ,\n",
       "         -0.00268017,  1.69440239,  0.42541895,  0.03899067,  0.17151588],\n",
       "        [-0.        ,  0.33163642,  0.26016417, -0.        , -0.        ,\n",
       "         -0.        ,  0.42541895,  1.92920242, -0.0196712 , -0.08229695],\n",
       "        [ 0.19431538, -0.        ,  0.280573  , -0.00227928, -0.        ,\n",
       "          0.        ,  0.03899067, -0.0196712 ,  1.74900611, -0.        ],\n",
       "        [ 0.06704966,  0.26774256, -0.        , -0.16090701,  0.        ,\n",
       "          0.        ,  0.17151588, -0.08229695, -0.        ,  1.44612492]]),\n",
       " array([[ 1.88224458e+00,  4.89023584e-01,  2.16681749e-01,\n",
       "          8.86099303e-02,  0.00000000e+00, -0.00000000e+00,\n",
       "          0.00000000e+00, -0.00000000e+00, -4.90922662e-03,\n",
       "          0.00000000e+00],\n",
       "        [ 4.89023584e-01,  1.48549043e+00, -0.00000000e+00,\n",
       "         -0.00000000e+00,  0.00000000e+00,  5.24888648e-02,\n",
       "          0.00000000e+00,  4.84700791e-01, -0.00000000e+00,\n",
       "         -3.19807442e-01],\n",
       "        [ 2.16681749e-01, -0.00000000e+00,  1.84906835e+00,\n",
       "         -0.00000000e+00,  2.05918696e-01,  7.78794595e-01,\n",
       "          5.10032557e-02, -0.00000000e+00, -0.00000000e+00,\n",
       "         -2.30640651e-01],\n",
       "        [ 8.86099303e-02, -0.00000000e+00, -0.00000000e+00,\n",
       "          2.39559213e+00,  4.23919510e-01,  0.00000000e+00,\n",
       "          0.00000000e+00,  1.09616868e-01,  4.69742321e-02,\n",
       "          0.00000000e+00],\n",
       "        [ 0.00000000e+00,  0.00000000e+00,  2.05918696e-01,\n",
       "          4.23919510e-01,  2.68549022e+00, -0.00000000e+00,\n",
       "          0.00000000e+00,  0.00000000e+00, -0.00000000e+00,\n",
       "          0.00000000e+00],\n",
       "        [-0.00000000e+00,  5.24888648e-02,  7.78794595e-01,\n",
       "          0.00000000e+00, -0.00000000e+00,  1.91079422e+00,\n",
       "         -0.00000000e+00,  0.00000000e+00,  3.59375771e-01,\n",
       "          0.00000000e+00],\n",
       "        [ 0.00000000e+00,  0.00000000e+00,  5.10032557e-02,\n",
       "          0.00000000e+00,  0.00000000e+00, -0.00000000e+00,\n",
       "          5.09162465e+00, -0.00000000e+00,  1.94376267e-01,\n",
       "          0.00000000e+00],\n",
       "        [-0.00000000e+00,  4.84700791e-01, -0.00000000e+00,\n",
       "          1.09616868e-01,  0.00000000e+00,  0.00000000e+00,\n",
       "         -0.00000000e+00,  1.77209418e+00, -7.85911529e-02,\n",
       "          0.00000000e+00],\n",
       "        [-4.90922662e-03, -0.00000000e+00, -0.00000000e+00,\n",
       "          4.69742321e-02, -0.00000000e+00,  3.59375771e-01,\n",
       "          1.94376267e-01, -7.85911529e-02,  1.94513958e+00,\n",
       "         -1.25511422e-02],\n",
       "        [ 0.00000000e+00, -3.19807442e-01, -2.30640651e-01,\n",
       "          0.00000000e+00,  0.00000000e+00,  0.00000000e+00,\n",
       "          0.00000000e+00,  0.00000000e+00, -1.25511422e-02,\n",
       "          3.56325851e+00]]),\n",
       " array([[ 4.06693253,  0.25821125,  0.        , -0.        , -0.        ,\n",
       "         -0.        ,  0.        , -0.        ,  0.        ,  0.        ],\n",
       "        [ 0.25821125,  4.3952002 , -0.        ,  0.        ,  0.        ,\n",
       "          0.        ,  0.        ,  0.31752632,  0.        ,  0.        ],\n",
       "        [ 0.        , -0.        ,  3.39054704,  0.04863539, -0.        ,\n",
       "          0.85995024, -0.        ,  0.        , -0.        , -0.        ],\n",
       "        [-0.        ,  0.        ,  0.04863539,  3.1208435 ,  0.        ,\n",
       "         -0.        , -0.        ,  0.03937475, -0.        , -0.        ],\n",
       "        [-0.        ,  0.        , -0.        ,  0.        ,  4.08721931,\n",
       "          0.        ,  0.        , -0.        ,  0.        , -0.        ],\n",
       "        [-0.        ,  0.        ,  0.85995024, -0.        ,  0.        ,\n",
       "          3.02904287, -0.        ,  0.        ,  0.        ,  0.        ],\n",
       "        [ 0.        ,  0.        , -0.        , -0.        ,  0.        ,\n",
       "         -0.        ,  4.66694551,  0.        , -0.        , -0.        ],\n",
       "        [-0.        ,  0.31752632,  0.        ,  0.03937475, -0.        ,\n",
       "          0.        ,  0.        ,  3.06361484,  0.        ,  0.        ],\n",
       "        [ 0.        ,  0.        , -0.        , -0.        ,  0.        ,\n",
       "          0.        , -0.        ,  0.        ,  4.62608593,  0.        ],\n",
       "        [ 0.        ,  0.        , -0.        , -0.        , -0.        ,\n",
       "          0.        , -0.        ,  0.        ,  0.        ,  2.83320189]]),\n",
       " array([[ 1.80595777e+00,  0.00000000e+00,  2.59062089e-05,\n",
       "         -1.87077907e-01, -0.00000000e+00,  9.02973920e-02,\n",
       "          0.00000000e+00,  0.00000000e+00,  0.00000000e+00,\n",
       "          2.07810573e-01],\n",
       "        [ 0.00000000e+00,  2.07781562e+00, -0.00000000e+00,\n",
       "         -0.00000000e+00, -0.00000000e+00, -0.00000000e+00,\n",
       "          0.00000000e+00,  0.00000000e+00,  1.24122241e-01,\n",
       "          0.00000000e+00],\n",
       "        [ 2.59062089e-05, -0.00000000e+00,  1.54367103e+00,\n",
       "          3.41252801e-01,  0.00000000e+00,  0.00000000e+00,\n",
       "         -0.00000000e+00, -5.00268029e-02,  0.00000000e+00,\n",
       "         -2.32743876e-01],\n",
       "        [-1.87077907e-01, -0.00000000e+00,  3.41252801e-01,\n",
       "          2.03162556e+00,  0.00000000e+00,  0.00000000e+00,\n",
       "          2.67013622e-01,  9.86951686e-02, -0.00000000e+00,\n",
       "          3.00948823e-01],\n",
       "        [-0.00000000e+00, -0.00000000e+00,  0.00000000e+00,\n",
       "          0.00000000e+00,  1.77666100e+00, -0.00000000e+00,\n",
       "          1.02142446e-01,  0.00000000e+00,  0.00000000e+00,\n",
       "          0.00000000e+00],\n",
       "        [ 9.02973920e-02, -0.00000000e+00,  0.00000000e+00,\n",
       "          0.00000000e+00, -0.00000000e+00,  1.69822667e+00,\n",
       "         -0.00000000e+00,  2.23099894e-01,  1.29336027e-02,\n",
       "          0.00000000e+00],\n",
       "        [ 0.00000000e+00,  0.00000000e+00, -0.00000000e+00,\n",
       "          2.67013622e-01,  1.02142446e-01, -0.00000000e+00,\n",
       "          2.36005744e+00,  0.00000000e+00,  8.68916743e-02,\n",
       "         -0.00000000e+00],\n",
       "        [ 0.00000000e+00,  0.00000000e+00, -5.00268029e-02,\n",
       "          9.86951686e-02,  0.00000000e+00,  2.23099894e-01,\n",
       "          0.00000000e+00,  1.75923781e+00,  0.00000000e+00,\n",
       "          1.21881349e-01],\n",
       "        [ 0.00000000e+00,  1.24122241e-01,  0.00000000e+00,\n",
       "         -0.00000000e+00,  0.00000000e+00,  1.29336027e-02,\n",
       "          8.68916743e-02,  0.00000000e+00,  1.75438635e+00,\n",
       "          0.00000000e+00],\n",
       "        [ 2.07810573e-01,  0.00000000e+00, -2.32743876e-01,\n",
       "          3.00948823e-01,  0.00000000e+00,  0.00000000e+00,\n",
       "         -0.00000000e+00,  1.21881349e-01,  0.00000000e+00,\n",
       "          1.58806717e+00]]),\n",
       " array([[ 2.47018044,  0.4314697 ,  0.10101761, -0.        ,  0.        ,\n",
       "          0.        , -0.        ,  0.        ,  0.        ,  0.        ],\n",
       "        [ 0.4314697 ,  2.23299927, -0.01640564,  0.        , -0.19471846,\n",
       "          0.        ,  0.        , -0.        ,  0.        , -0.        ],\n",
       "        [ 0.10101761, -0.01640564,  1.84056678,  0.34480312, -0.        ,\n",
       "          0.28116486, -0.        ,  0.        ,  0.        , -0.        ],\n",
       "        [-0.        ,  0.        ,  0.34480312,  1.90218483,  0.09590479,\n",
       "          0.034929  ,  0.        ,  0.4973124 , -0.58942025, -0.15769607],\n",
       "        [ 0.        , -0.19471846, -0.        ,  0.09590479,  1.37631796,\n",
       "         -0.        ,  0.36949974, -0.01828584, -0.04022912, -0.305363  ],\n",
       "        [ 0.        ,  0.        ,  0.28116486,  0.034929  , -0.        ,\n",
       "          2.77704543,  0.0111554 , -0.41048581,  0.        , -0.20751973],\n",
       "        [-0.        ,  0.        , -0.        ,  0.        ,  0.36949974,\n",
       "          0.0111554 ,  1.46453934, -0.04696593,  0.06798954,  0.        ],\n",
       "        [ 0.        , -0.        ,  0.        ,  0.4973124 , -0.01828584,\n",
       "         -0.41048581, -0.04696593,  1.95577029,  0.01255214, -0.05118026],\n",
       "        [ 0.        ,  0.        ,  0.        , -0.58942025, -0.04022912,\n",
       "          0.        ,  0.06798954,  0.01255214,  2.02361142, -0.21921184],\n",
       "        [ 0.        , -0.        , -0.        , -0.15769607, -0.305363  ,\n",
       "         -0.20751973,  0.        , -0.05118026, -0.21921184,  1.7373306 ]])]"
      ]
     },
     "execution_count": 7,
     "metadata": {},
     "output_type": "execute_result"
    }
   ],
   "source": [
    "mdl.precisions_"
   ]
  },
  {
   "cell_type": "code",
   "execution_count": null,
   "metadata": {},
   "outputs": [],
   "source": []
  }
 ],
 "metadata": {
  "kernelspec": {
   "display_name": "Python 3",
   "language": "python",
   "name": "python3"
  },
  "language_info": {
   "codemirror_mode": {
    "name": "ipython",
    "version": 3
   },
   "file_extension": ".py",
   "mimetype": "text/x-python",
   "name": "python",
   "nbconvert_exporter": "python",
   "pygments_lexer": "ipython3",
   "version": "3.6.5"
  }
 },
 "nbformat": 4,
 "nbformat_minor": 2
}
